288 8
0.0000000000000000e+00 5.0000000000000001e-03 0.0000000000000000e+00 9.8499999999999466e-01 5.3832543490373081e-15 1.0000000000000000e-02 1.0436182853178605e-20 1.0552512085930939e-20 1.0668841284105232e-20
4.2493158270429099e-05 5.0000000000000001e-03 0.0000000000000000e+00 9.8499999999999421e-01 5.7313971769012839e-15 1.0000000000000000e-02 1.0467897564668461e-20 1.0592684056908756e-20 1.0717470524708380e-20
8.0378428042204852e-05 5.0000000000000001e-03 0.0000000000000000e+00 9.8499999999999421e-01 5.7505764468362161e-15 1.0000000000000000e-02 1.0470418506953888e-20 1.0595876971344957e-20 1.0721335429482888e-20
1.1912367655564360e-04 5.0000000000000001e-03 0.0000000000000000e+00 9.8499999999999399e-01 5.9476566783256979e-15 1.0000000000000000e-02 1.0482985298607963e-20 1.0611794514535565e-20 1.0740603737110027e-20
1.5570707718592924e-04 5.0000000000000001e-03 0.0000000000000000e+00 9.8499999999999399e-01 6.0776498594945221e-15 1.0000000000000000e-02 1.0497006221825809e-20 1.0629554027780595e-20 1.0762101843863809e-20
1.9086938740675574e-04 5.0000000000000001e-03 0.0000000000000000e+00 9.8499999999999377e-01 6.1829212149802529e-15 1.0000000000000000e-02 1.0528304366379564e-20 1.0669198383036545e-20 1.0810092408970538e-20
2.2468834505673385e-04 5.0000000000000001e-03 0.0000000000000000e+00 9.8499999999999377e-01 6.2353490328668121e-15 1.0000000000000000e-02 1.0586835194477827e-20 1.0743337900933159e-20 1.0899840613535811e-20
2.5765774560027044e-04 5.0000000000000001e-03 0.0000000000000000e+00 9.8499999999999377e-01 6.2982750978039094e-15 1.0000000000000000e-02 1.0656824927350993e-20 1.0831992098881634e-20 1.1007159272578360e-20
2.9001679872231456e-04 5.0000000000000001e-03 0.0000000000000000e+00 9.8499999999999333e-01 6.5647773800131044e-15 1.0000000000000000e-02 1.0714519257416108e-20 1.0905072028889047e-20 1.1095624799295612e-20
3.2166722044069118e-04 5.0000000000000001e-03 0.0000000000000000e+00 9.8499999999999244e-01 7.5551983901241601e-15 1.0000000000000000e-02 1.0762115230081335e-20 1.0965360585717460e-20 1.1168605939592151e-20
3.5244055171956834e-04 5.0000000000000001e-03 0.0000000000000000e+00 9.8499999999998933e-01 1.0740442711089505e-14 1.0000000000000000e-02 1.0831198181903884e-20 1.1052865530908380e-20 1.1274532878283443e-20
3.8247828063364686e-04 5.0000000000000001e-03 0.0000000000000000e+00 9.8499999999998311e-01 1.6918339775557241e-14 1.0000000000000000e-02 1.0938924978441179e-20 1.1189318609460789e-20 1.1439712238481628e-20
4.1212583358940513e-04 5.0000000000000001e-03 0.0000000000000000e+00 9.8499999999997601e-01 2.4081038996577362e-14 1.0000000000000000e-02 1.1055835625249764e-20 1.1337404451501002e-20 1.1618973274667897e-20
4.4147863050159053e-04 5.0000000000000001e-03 0.0000000000000000e+00 9.8499999999996890e-01 3.1002860782334296e-14 1.0000000000000000e-02 1.1164330163680369e-20 1.1474830188496079e-20 1.1785330208972757e-20
4.7043102909050116e-04 5.0000000000000001e-03 0.0000000000000000e+00 9.8499999999996202e-01 3.7876786250687023e-14 1.0000000000000000e-02 1.1266089980607323e-20 1.1603725301123917e-20 1.1941360616598854e-20
4.9885091852375218e-04 5.0000000000000001e-03 0.0000000000000000e+00 9.8499999999995447e-01 4.5538627563046930e-14 1.0000000000000000e-02 1.1364128165069802e-20 1.1727906500778297e-20 1.2091684830583271e-20
5.2662029317784853e-04 5.0000000000000001e-03 0.0000000000000000e+00 9.8499999999994625e-01 5.3837851645016571e-14 1.0000000000000000e-02 1.1458364196731398e-20 1.1847271753361880e-20 1.2236179303206614e-20
5.5354630098247704e-04 5.0000000000000001e-03 0.0000000000000000e+00 9.8499999999993915e-01 6.0915608877313647e-14 1.0000000000000000e-02 1.1541138295798314e-20 1.1952118411510638e-20 1.2363098520448318e-20
5.7957309554745873e-04 5.0000000000000001e-03 0.0000000000000000e+00 9.8499999999993404e-01 6.5898866286002081e-14 1.0000000000000000e-02 1.1608882796554451e-20 1.2037928016489437e-20 1.2466973229742839e-20
6.0479071710850540e-04 5.0000000000000001e-03 0.0000000000000000e+00 9.8499999999993049e-01 6.9527014284686764e-14 1.0000000000000000e-02 1.1667345346730353e-20 1.2111980338039707e-20 1.2556615322344713e-20
6.2915592400536458e-04 5.0000000000000001e-03 0.0000000000000000e+00 9.8499999999992871e-01 7.1281637302467183e-14 1.0000000000000000e-02 1.1714191278459844e-20 1.2171318276651243e-20 1.2628445268099407e-20
6.5293836024926666e-04 5.0000000000000001e-03 0.0000000000000000e+00 9.8499999999992849e-01 7.1530430134354887e-14 1.0000000000000000e-02 1.1750831150209553e-20 1.2217728954455335e-20 1.2684626752113927e-20
6.7631846862015177e-04 5.0000000000000001e-03 0.0000000000000000e+00 9.8499999999992960e-01 7.0291120280785532e-14 1.0000000000000000e-02 1.1780598850698960e-20 1.2255434090517417e-20 1.2730269325493302e-20
6.9925352284272435e-04 5.0000000000000001e-03 0.0000000000000000e+00 9.8499999999993337e-01 6.6585636938460336e-14 1.0000000000000000e-02 1.1788051360350733e-20 1.2264874051185265e-20 1.2741696737511715e-20
7.2194197573216545e-04 5.0000000000000001e-03 0.0000000000000000e+00 9.8499999999993804e-01 6.2013282144113636e-14 1.0000000000000000e-02 1.1778662233507456e-20 1.2252981599840187e-20 1.2727300962157425e-20
7.4449071626314645e-04 5.0000000000000001e-03 0.0000000000000000e+00 9.8499999999994292e-01 5.6965359207046559e-14 1.0000000000000000e-02 1.1764977094533860e-20 1.2235647799800688e-20 1.2706318502030504e-20
7.6720746444947086e-04 5.0000000000000001e-03 0.0000000000000000e+00 9.8499999999994914e-01 5.0806463891709844e-14 1.0000000000000000e-02 1.1762464598455180e-20 1.2232466354908600e-20 1.2702468109852371e-20
7.9079056622333166e-04 5.0000000000000001e-03 0.0000000000000000e+00 9.8499999999995647e-01 4.3507350301230903e-14 1.0000000000000000e-02 1.1774359331772604e-20 1.2247534634155521e-20 1.2720709936503118e-20
8.1627672758166625e-04 5.0000000000000001e-03 0.0000000000000000e+00 9.8499999999996357e-01 3.6473279345432122e-14 1.0000000000000000e-02 1.1768989221501781e-20 1.2240733922732276e-20 1.2712478625005487e-20
8.4448189793062678e-04 5.0000000000000001e-03 0.0000000000000000e+00 9.8499999999997001e-01 2.9928902494693462e-14 1.0000000000000000e-02 1.1658677147429373e-20 1.2101005198975418e-20 1.2543333251723580e-20
8.7667095813603879e-04 5.0000000000000001e-03 0.0000000000000000e+00 9.8499999999997667e-01 2.3252884509271744e-14 1.0000000000000000e-02 1.1337831463907284e-20 1.1694596523858933e-20 1.2051361584224672e-20
9.1636296320340982e-04 5.0000000000000001e-03 0.0000000000000000e+00 9.8499999999998356e-01 1.6477840313128438e-14 1.0000000000000000e-02 1.0895519123311954e-20 1.1134329332506520e-20 1.1373139541817461e-20
9.7217428920859383e-04 5.0000000000000001e-03 0.0000000000000000e+00 9.8499999999998777e-01 1.2320066947764649e-14 1.0000000000000000e-02 1.0601017462078876e-20 1.0761291498695605e-20 1.0921565535345268e-20
1.0511067124020501e-03 5.0000000000000001e-03 0.0000000000000000e+00 9.8499999999998866e-01 1.1264441573101431e-14 1.0000000000000000e-02 1.0512113742911559e-20 1.0648679425173400e-20 1.0785245107441588e-20
1.1479470359450072e-03 5.0000000000000001e-03 0.0000000000000000e+00 9.8499999999998844e-01 1.1562123464514884e-14 1.0000000000000000e-02 1.0532814363934904e-20 1.0674900060680220e-20 1.0816985757446964e-20
1.2570395967717030e-03 5.0000000000000001e-03 0.0000000000000000e+00 9.8499999999998755e-01 1.2502113868344004e-14 1.0000000000000000e-02 1.0641703842876078e-20 1.0812826864847938e-20 1.0983949886826030e-20
1.3744545778360262e-03 5.0000000000000001e-03 0.0000000000000000e+00 9.8499999999998578e-01 1.4262495214083240e-14 1.0000000000000000e-02 1.0745525536099387e-20 1.0944334383133270e-20 1.1143143230164178e-20
1.4968533270807161e-03 5.0000000000000001e-03 0.0000000000000000e+00 9.8499999999998378e-01 1.6212293605767111e-14 1.0000000000000000e-02 1.0807505041019122e-20 1.1022841702284571e-20 1.1238178363551858e-20
1.6233560274139247e-03 5.0000000000000001e-03 0.0000000000000000e+00 9.8499999999998245e-01 1.7526587598991275e-14 1.0000000000000000e-02 1.0832996334286504e-20 1.1055130654965803e-20 1.1277264975646258e-20
1.7526290621878715e-03 5.0000000000000001e-03 0.0000000000000000e+00 9.8499999999998222e-01 1.7799966932159067e-14 1.0000000000000000e-02 1.0800743947813525e-20 1.1014277475405267e-20 1.1227811002996599e-20
1.8852754661426996e-03 5.0000000000000001e-03 0.0000000000000000e+00 9.8499999999998245e-01 1.7551465413341133e-14 1.0000000000000000e-02 1.0730109649654072e-20 1.0924807077311204e-20 1.1119504504971647e-20
2.0239178312241313e-03 5.0000000000000001e-03 0.0000000000000000e+00 9.8499999999998222e-01 1.7777345209890368e-14 1.0000000000000000e-02 1.0651909943961721e-20 1.0825753807113658e-20 1.0999597670262867e-20
2.1717798445177738e-03 5.0000000000000001e-03 0.0000000000000000e+00 9.8499999999998200e-01 1.7940102193322814e-14 1.0000000000000000e-02 1.0564540686483489e-20 1.0715085824575516e-20 1.0865630962666368e-20
2.3330358536305384e-03 5.0000000000000001e-03 0.0000000000000000e+00 9.8499999999998267e-01 1.7269329886012811e-14 1.0000000000000000e-02 1.0466030265154226e-20 1.0590305516869702e-20 1.0714580768584486e-20
2.5160241479891265e-03 5.0000000000000001e-03 0.0000000000000000e+00 9.8499999999998378e-01 1.6242971525127356e-14 1.0000000000000000e-02 1.0410282487646692e-20 1.0519691433963050e-20 1.0629100380278934e-20
2.7317571303653310e-03 5.0000000000000001e-03 0.0000000000000000e+00 9.8499999999998467e-01 1.5423788432434564e-14 1.0000000000000000e-02 1.0381581939158184e-20 1.0483337312949538e-20 1.0585092686738221e-20
2.9931138401299018e-03 5.0000000000000001e-03 0.0000000000000000e+00 9.8499999999998444e-01 1.5452388443155689e-14 1.0000000000000000e-02 1.0374042624337616e-20 1.0473787439433568e-20 1.0573532254526498e-20
3.3026165467734403e-03 5.0000000000000001e-03 0.0000000000000000e+00 9.8499999999998422e-01 1.5847035875453786e-14 1.0000000000000000e-02 1.0381071297120911e-20 1.0482690385564699e-20 1.0584309474005622e-20
3.6634444840339953e-03 5.0000000000000001e-03 0.0000000000000000e+00 9.8499999999998400e-01 1.5989358283108903e-14 1.0000000000000000e-02 1.0386313550537433e-20 1.0489330549289007e-20 1.0592347548035684e-20
4.0839613739298564e-03 5.0000000000000001e-03 0.0000000000000000e+00 9.8499999999998400e-01 1.5958792789451114e-14 1.0000000000000000e-02 1.0386392317815676e-20 1.0489430311633758e-20 1.0592468305445911e-20
4.5480580288921324e-03 5.0000000000000001e-03 0.0000000000000000e+00 9.8499999999998478e-01 1.5296415120742710e-14 1.0000000000000000e-02 1.0371717757501742e-20 1.0470842528541818e-20 1.0569967299578361e-20
5.0585071072063448e-03 5.0000000000000001e-03 0.0000000000000000e+00 9.8499999999998522e-01 1.4656621530149693e-14 1.0000000000000000e-02 1.0357524024555969e-20 1.0452863795808379e-20 1.0548203567058414e-20
5.6215915328597932e-03 5.0000000000000001e-03 0.0000000000000000e+00 9.8499999999998555e-01 1.4431138577559947e-14 1.0000000000000000e-02 1.0350448013701701e-20 1.0443900845788157e-20 1.0537353677874541e-20
6.2311825996161918e-03 5.0000000000000001e-03 0.0000000000000000e+00 9.8499999999998178e-01 1.8100287414352354e-14 1.0000000000000000e-02 1.0346548499007388e-20 1.0438961459214179e-20 1.0531374419422407e-20
6.8691030396396124e-03 5.0000000000000001e-03 0.0000000000000000e+00 9.8499999999991150e-01 8.8441517046517043e-14 1.0000000000000000e-02 1.0352910362142025e-20 1.0447019818122281e-20 1.0541129274108035e-20
7.5191506787767315e-03 5.0000000000000001e-03 0.0000000000000000e+00 9.8499999999922350e-01 7.7650639926740013e-13 1.0000000000000000e-02 1.0398272675673547e-20 1.0504478744689474e-20 1.0610684813718304e-20
8.2077687737308613e-03 5.0000000000000001e-03 0.0000000000000000e+00 9.8499999999578136e-01 4.2187297326925797e-12 1.0000000000000000e-02 1.0548424667330015e-20 1.0694671262365661e-20 1.0840917857406409e-20
8.9476597226184618e-03 5.0000000000000001e-03 0.0000000000000000e+00 9.8499999998739562e-01 1.2604356410603332e-11 1.0000000000000000e-02 1.0852841208156114e-20 1.1080265543538035e-20 1.1307689878925737e-20
9.7566997905481623e-03 5.0000000000000001e-03 0.0000000000000000e+00 9.8499999997657672e-01 2.3423265864226264e-11 1.0000000000000000e-02 1.1293135043716974e-20 1.1637971063233324e-20 1.1982807082758807e-20
1.0700150336247383e-02 5.0000000000000001e-03 0.0000000000000000e+00 9.8499999996235166e-01 3.7648425318211886e-11 1.0000000000000000e-02 1.2065187476993508e-20 1.2615904140511049e-20 1.3166620804041749e-20
1.1801084455449251e-02 5.0000000000000001e-03 0.0000000000000000e+00 9.8499999994538601e-01 5.4613905428825724e-11 1.0000000000000000e-02 1.3182150159116580e-20 1.4030723535924853e-20 1.4879296912747514e-20
1.3056304374416516e-02 5.0000000000000001e-03 0.0000000000000000e+00 9.8499999993317233e-01 6.6827648562240817e-11 1.0000000000000000e-02 1.4280800919583588e-20 1.5422347832158830e-20 1.6563894744734605e-20
1.4479181580396294e-02 5.0000000000000001e-03 0.0000000000000000e+00 9.8499999992710585e-01 7.2894159583963453e-11 1.0000000000000000e-02 1.5145475200184396e-20 1.6517601920938573e-20 1.7889728641701456e-20
1.6066815899628106e-02 5.0000000000000001e-03 0.0000000000000000e+00 9.8499999992567522e-01 7.4324828805575589e-11 1.0000000000000000e-02 1.5694093720329525e-20 1.7212518713178126e-20 1.8730943706020703e-20
1.7805518370737294e-02 5.0000000000000001e-03 0.0000000000000000e+00 9.8499999992863885e-01 7.1361170035882620e-11 1.0000000000000000e-02 1.5840351295574798e-20 1.7397778308419377e-20 1.8955205321263956e-20
1.9684219249046953e-02 5.0000000000000001e-03 0.0000000000000000e+00 9.8499999993572340e-01 6.4276647203317395e-11 1.0000000000000000e-02 1.5582069849748127e-20 1.7070621810239570e-20 1.8559173770737164e-20
2.1705750209115249e-02 5.0000000000000001e-03 0.0000000000000000e+00 9.8499999994552345e-01 5.4476546117555838e-11 1.0000000000000000e-02 1.5099357514182192e-20 1.6459186185053425e-20 1.7819014855953042e-20
2.3895555385588629e-02 5.0000000000000001e-03 0.0000000000000000e+00 9.8499999995640908e-01 4.3590880231835751e-11 1.0000000000000000e-02 1.4447020426850131e-20 1.5632892540982276e-20 1.6818764655130205e-20
2.6271944399409497e-02 5.0000000000000001e-03 0.0000000000000000e+00 9.8499999996612220e-01 3.3877793074705036e-11 1.0000000000000000e-02 1.3741487957784867e-20 1.4739218080086748e-20 1.5736948202404668e-20
2.8796705716024440e-02 5.0000000000000001e-03 0.0000000000000000e+00 9.8499999997220478e-01 2.7795279265876560e-11 1.0000000000000000e-02 1.3230230605540593e-20 1.4091625433896450e-20 1.4953020262227912e-20
3.1389801935203132e-02 5.0000000000000001e-03 0.0000000000000000e+00 9.8499999997539212e-01 2.4607831842718229e-11 1.0000000000000000e-02 1.2958257445464269e-20 1.3747126097774155e-20 1.4535994750062082e-20
3.4018810341024941e-02 5.0000000000000001e-03 0.0000000000000000e+00 9.8499999997709542e-01 2.2904599615478962e-11 1.0000000000000000e-02 1.2818203369399737e-20 1.3569724268074784e-20 1.4321245166728294e-20
3.6674055334840139e-02 5.0000000000000001e-03 0.0000000000000000e+00 9.8499999997828391e-01 2.1716048168626209e-11 1.0000000000000000e-02 1.2739360201798503e-20 1.3469856255772034e-20 1.4200352309718721e-20
3.9350179170678845e-02 5.0000000000000001e-03 0.0000000000000000e+00 9.8499999997913723e-01 2.0862649896279443e-11 1.0000000000000000e-02 1.2690774722592882e-20 1.3408314648770217e-20 1.4125854574913003e-20
4.2043547504833634e-02 5.0000000000000001e-03 0.0000000000000000e+00 9.8499999997924870e-01 2.0751223948186209e-11 1.0000000000000000e-02 1.2683172933501836e-20 1.3398685715914353e-20 1.4114198498316248e-20
4.4738697022170815e-02 5.0000000000000001e-03 0.0000000000000000e+00 9.8499999997859466e-01 2.1405250885014733e-11 1.0000000000000000e-02 1.2688985316727307e-20 1.3406048067978322e-20 1.4123110819254879e-20
4.7419456228007140e-02 5.0000000000000001e-03 0.0000000000000000e+00 9.8499999997844934e-01 2.1550590208056582e-11 1.0000000000000000e-02 1.2689073631367880e-20 1.3406159933136657e-20 1.4123246234918295e-20
5.0068376395531522e-02 5.0000000000000001e-03 0.0000000000000000e+00 9.8499999997822063e-01 2.1779451512944728e-11 1.0000000000000000e-02 1.2697729778862201e-20 1.3417124386623977e-20 1.4136518994389354e-20
5.2689745154637757e-02 5.0000000000000001e-03 0.0000000000000000e+00 9.8499999997806109e-01 2.1938900676301491e-11 1.0000000000000000e-02 1.2705397034825894e-20 1.3426836244166686e-20 1.4148275453529179e-20
5.5272218765375580e-02 5.0000000000000001e-03 0.0000000000000000e+00 9.8499999997775967e-01 2.2240290863528959e-11 1.0000000000000000e-02 1.2721633560744999e-20 1.3447402510336239e-20 1.4173171459938664e-20
5.7785893555102996e-02 5.0000000000000001e-03 0.0000000000000000e+00 9.8499999997740384e-01 2.2596038192888016e-11 1.0000000000000000e-02 1.2743508713194067e-20 1.3475111036778776e-20 1.4206713360355942e-20
6.0234894075071099e-02 5.0000000000000001e-03 0.0000000000000000e+00 9.8499999997749288e-01 2.2507149249200367e-11 1.0000000000000000e-02 1.2733713762170773e-20 1.3462704098796083e-20 1.4191694435410685e-20
6.2638156429780656e-02 5.0000000000000001e-03 0.0000000000000000e+00 9.8499999997759269e-01 2.2407281108960836e-11 1.0000000000000000e-02 1.2716252885052480e-20 1.3440586987767148e-20 1.4164921090474310e-20
6.5007597013037599e-02 5.0000000000000001e-03 0.0000000000000000e+00 9.8499999997744270e-01 2.2557317941540381e-11 1.0000000000000000e-02 1.2685630136126523e-20 1.3401798172468533e-20 1.4117966208806657e-20
6.7353312791505804e-02 5.0000000000000001e-03 0.0000000000000000e+00 9.8499999997725785e-01 2.2742167242235126e-11 1.0000000000000000e-02 1.2617880191683960e-20 1.3315981576219930e-20 1.4014082960735632e-20
6.9696090929617927e-02 5.0000000000000001e-03 0.0000000000000000e+00 9.8499999997706433e-01 2.2935589111862814e-11 1.0000000000000000e-02 1.2570386522010440e-20 1.3255822927975138e-20 1.3941259333940333e-20
7.2036908129694988e-02 5.0000000000000001e-03 0.0000000000000000e+00 9.8499999997662291e-01 2.3377028277709684e-11 1.0000000000000000e-02 1.2556007864191667e-20 1.3237609961389782e-20 1.3919212058599068e-20
7.4348493035333196e-02 5.0000000000000001e-03 0.0000000000000000e+00 9.8499999997572363e-01 2.4276316258276996e-11 1.0000000000000000e-02 1.2580678159221297e-20 1.3268859001748480e-20 1.3957039844296076e-20
7.6619702092794784e-02 5.0000000000000001e-03 0.0000000000000000e+00 9.8499999997477072e-01 2.5229213281697654e-11 1.0000000000000000e-02 1.2638041424874629e-20 1.3341519138243661e-20 1.4044996851620459e-20
7.8844768544722998e-02 5.0000000000000001e-03 0.0000000000000000e+00 9.8499999997377774e-01 2.6222161856035132e-11 1.0000000000000000e-02 1.2721101793961868e-20 1.3446728939081957e-20 1.4172356084208718e-20
8.1021342937459884e-02 5.0000000000000001e-03 0.0000000000000000e+00 9.8499999997233134e-01 2.7668571996046377e-11 1.0000000000000000e-02 1.2826862721380318e-20 1.3580692780452809e-20 1.4334522839529913e-20
8.3142502260955653e-02 5.0000000000000001e-03 0.0000000000000000e+00 9.8499999997050713e-01 2.9492758042071558e-11 1.0000000000000000e-02 1.2953287938377290e-20 1.3740831388617598e-20 1.4528374838864798e-20
8.5215117945829255e-02 5.0000000000000001e-03 0.0000000000000000e+00 9.8499999996867604e-01 3.1323918800158400e-11 1.0000000000000000e-02 1.3047180949730630e-20 1.3859762536329834e-20 1.4672344122936929e-20
8.7252310240856001e-02 5.0000000000000001e-03 0.0000000000000000e+00 9.8499999996688159e-01 3.3118338854307285e-11 1.0000000000000000e-02 1.3065106502755530e-20 1.3882468236828733e-20 1.4699829970913875e-20
8.9265815242006497e-02 5.0000000000000001e-03 0.0000000000000000e+00 9.8499999996487286e-01 3.5127227022197076e-11 1.0000000000000000e-02 1.3039399743519409e-20 1.3849906341795232e-20 1.4660412940089819e-20
9.1256673909451469e-02 5.0000000000000001e-03 0.0000000000000000e+00 9.8499999996187448e-01 3.8125480735691946e-11 1.0000000000000000e-02 1.3051649228128100e-20 1.3865422355634051e-20 1.4679195483160183e-20
9.3221641943634026e-02 5.0000000000000001e-03 0.0000000000000000e+00 9.8499999995781284e-01 4.2187170464392133e-11 1.0000000000000000e-02 1.3107493137759775e-20 1.3936157974496422e-20 1.4764822811218396e-20
9.5165806191736979e-02 5.0000000000000001e-03 0.0000000000000000e+00 9.8499999995445164e-01 4.5548241316219393e-11 1.0000000000000000e-02 1.3183998227090579e-20 1.4033064420965862e-20 1.4882130614788563e-20
9.7092996501644047e-02 5.0000000000000001e-03 0.0000000000000000e+00 9.8499999995156184e-01 4.8438064585703841e-11 1.0000000000000000e-02 1.3260747304904127e-20 1.4130279919482285e-20 1.4999812534055575e-20
9.9004827813588880e-02 5.0000000000000001e-03 0.0000000000000000e+00 9.8499999994931808e-01 5.0681822319481268e-11 1.0000000000000000e-02 1.3308103736633963e-20 1.4190264733077461e-20 1.5072425729524589e-20
1.0090536117090310e-01 5.0000000000000001e-03 0.0000000000000000e+00 9.8499999994741383e-01 5.2586158984311552e-11 1.0000000000000000e-02 1.3335131537891076e-20 1.4224499948034947e-20 1.5113868358179450e-20
1.0279947707973647e-01 5.0000000000000001e-03 0.0000000000000000e+00 9.8499999994359866e-01 5.6401374652529942e-11 1.0000000000000000e-02 1.3407329108122018e-20 1.4315950203664008e-20 1.5224571299209042e-20
1.0469072031380122e-01 5.0000000000000001e-03 0.0000000000000000e+00 9.8499999993850063e-01 6.1499329139098564e-11 1.0000000000000000e-02 1.3491230290987336e-20 1.4422225035247067e-20 1.5353219779507041e-20
1.0658156518738859e-01 5.0000000000000001e-03 0.0000000000000000e+00 9.8499999993590337e-01 6.4096670552237352e-11 1.0000000000000000e-02 1.3528944291752112e-20 1.4469996102871491e-20 1.5411047913985038e-20
1.0847226195677784e-01 5.0000000000000001e-03 0.0000000000000000e+00 9.8499999993708698e-01 6.2913084664087727e-11 1.0000000000000000e-02 1.3512606132715871e-20 1.4449301101489586e-20 1.5385996070207732e-20
1.1036239706660622e-01 5.0000000000000001e-03 0.0000000000000000e+00 9.8499999994126353e-01 5.8736357625050609e-11 1.0000000000000000e-02 1.3459510043394091e-20 1.4382046054995933e-20 1.5304582066612639e-20
1.1225230553645671e-01 5.0000000000000001e-03 0.0000000000000000e+00 9.8499999994703191e-01 5.2968049105514161e-11 1.0000000000000000e-02 1.3368702473426228e-20 1.4267023132978886e-20 1.5165343792527028e-20
1.1414487413165342e-01 5.0000000000000001e-03 0.0000000000000000e+00 9.8499999995154175e-01 4.8458239998672574e-11 1.0000000000000000e-02 1.3266280787433027e-20 1.4137288997383725e-20 1.5008297207335707e-20
1.1603904451807123e-01 5.0000000000000001e-03 0.0000000000000000e+00 9.8499999994987719e-01 5.0122734485067609e-11 1.0000000000000000e-02 1.3200827219973030e-20 1.4054381145295885e-20 1.4907935070639713e-20
1.1793421491953338e-01 5.0000000000000001e-03 0.0000000000000000e+00 9.8499999994373721e-01 5.6262767465858747e-11 1.0000000000000000e-02 1.3162827477840526e-20 1.4006248138607946e-20 1.4849668799403515e-20
1.1983425701653705e-01 5.0000000000000001e-03 0.0000000000000000e+00 9.8499999994156329e-01 5.8436684361775046e-11 1.0000000000000000e-02 1.3089184116690151e-20 1.3912966547732907e-20 1.4736748978802527e-20
1.2174420682575948e-01 5.0000000000000001e-03 0.0000000000000000e+00 9.8499999995193255e-01 4.8067509162779081e-11 1.0000000000000000e-02 1.2987259477649086e-20 1.3783862004851931e-20 1.4580464532073568e-20
1.2366495133202327e-01 5.0000000000000001e-03 0.0000000000000000e+00 9.8499999996656307e-01 3.3436925262495542e-11 1.0000000000000000e-02 1.2859436148271604e-20 1.3621952454249290e-20 1.4384468760294922e-20
1.2559951647425505e-01 5.0000000000000001e-03 0.0000000000000000e+00 9.8499999997403231e-01 2.5967756581306955e-11 1.0000000000000000e-02 1.2712801922237509e-20 1.3436215768037030e-20 1.4159629613898084e-20
1.2754728281134042e-01 5.0000000000000001e-03 0.0000000000000000e+00 9.8499999997821219e-01 2.1787786153787243e-11 1.0000000000000000e-02 1.2583873558526335e-20 1.3272906507383436e-20 1.3961939456254802e-20
1.2950659526081110e-01 5.0000000000000001e-03 0.0000000000000000e+00 9.8499999998194343e-01 1.8056662846306695e-11 1.0000000000000000e-02 1.2489853494594355e-20 1.3153814426427229e-20 1.3817775358290314e-20
1.3147665366126993e-01 5.0000000000000001e-03 0.0000000000000000e+00 9.8499999998693499e-01 1.3064904310461879e-11 1.0000000000000000e-02 1.2431416996548597e-20 1.3079794862154316e-20 1.3728172727782712e-20
1.3345522466340731e-01 5.0000000000000001e-03 0.0000000000000000e+00 9.8499999999059351e-01 9.4063948259202904e-12 1.0000000000000000e-02 1.2361375658678812e-20 1.2991075834052031e-20 1.3620776009413140e-20
1.3543991508453712e-01 5.0000000000000001e-03 0.0000000000000000e+00 9.8499999999231225e-01 7.6876783932472373e-12 1.0000000000000000e-02 1.2249274095350228e-20 1.2849080520747223e-20 1.3448886946258451e-20
1.3742861386194138e-01 5.0000000000000001e-03 0.0000000000000000e+00 9.8499999999356547e-01 6.4346073710474833e-12 1.0000000000000000e-02 1.2141063108713568e-20 1.2712013271087437e-20 1.3282963433511750e-20
1.3942125617975010e-01 5.0000000000000001e-03 0.0000000000000000e+00 9.8499999999445820e-01 5.5417084142271811e-12 1.0000000000000000e-02 1.2049673486813139e-20 1.2596253083293199e-20 1.3142832679736263e-20
1.4141941684363413e-01 5.0000000000000001e-03 0.0000000000000000e+00 9.8499999999496712e-01 5.0328019320230740e-12 1.0000000000000000e-02 1.2026052308620938e-20 1.2566332924221109e-20 1.3106613539778910e-20
1.4342446182370705e-01 5.0000000000000001e-03 0.0000000000000000e+00 9.8499999999495469e-01 5.0452382100450121e-12 1.0000000000000000e-02 1.2097352901962124e-20 1.2656647009144186e-20 1.3215941116286667e-20
1.4543664335446371e-01 5.0000000000000001e-03 0.0000000000000000e+00 9.8499999999523302e-01 4.7670692115922042e-12 1.0000000000000000e-02 1.2066011092439739e-20 1.2616947383712892e-20 1.3167883674969564e-20
1.4745501233092295e-01 5.0000000000000001e-03 0.0000000000000000e+00 9.8499999999609034e-01 3.9095895735815709e-12 1.0000000000000000e-02 1.1901620638812317e-20 1.2408719475824953e-20 1.2915818312850902e-20
1.4947628535016289e-01 5.0000000000000001e-03 0.0000000000000000e+00 9.8499999999646148e-01 3.5384295667213507e-12 1.0000000000000000e-02 1.1871501699787555e-20 1.2370568819772649e-20 1.2869635939782779e-20
1.5149671890892313e-01 5.0000000000000001e-03 0.0000000000000000e+00 9.8499999999637877e-01 3.6212785536871124e-12 1.0000000000000000e-02 1.1960297405631168e-20 1.2483043380434890e-20 1.3005789355241867e-20
1.5351660452817928e-01 5.0000000000000001e-03 0.0000000000000000e+00 9.8499999999619448e-01 3.8055301287393918e-12 1.0000000000000000e-02 1.2061240575019173e-20 1.2610904728313299e-20 1.3160568881616539e-20
1.5554357940073771e-01 5.0000000000000001e-03 0.0000000000000000e+00 9.8499999999637033e-01 3.6297096428660641e-12 1.0000000000000000e-02 1.2123245477907095e-20 1.2689444271941857e-20 1.3255643066014698e-20
1.5758714416508435e-01 5.0000000000000001e-03 0.0000000000000000e+00 9.8499999999736321e-01 2.6366718867756404e-12 1.0000000000000000e-02 1.2067661368998616e-20 1.2619037734034906e-20 1.3170414099084895e-20
1.5964385072516796e-01 5.0000000000000001e-03 0.0000000000000000e+00 9.8499999999788423e-01 2.1158021332432687e-12 1.0000000000000000e-02 1.2087898173076617e-20 1.2644671019192650e-20 1.3201443865321883e-20
1.6169484795369515e-01 5.0000000000000001e-03 0.0000000000000000e+00 9.8499999999791188e-01 2.0881202388715983e-12 1.0000000000000000e-02 1.2087433629990051e-20 1.2644082597906460e-20 1.3200731565822347e-20
1.6372674020424560e-01 5.0000000000000001e-03 0.0000000000000000e+00 9.8499999999810484e-01 1.8952571876644883e-12 1.0000000000000000e-02 1.2010217109196968e-20 1.2546275005007005e-20 1.3082332900880461e-20
1.6573528905368806e-01 5.0000000000000001e-03 0.0000000000000000e+00 9.8499999999799304e-01 2.0068983926225047e-12 1.0000000000000000e-02 1.2119812044614710e-20 1.2685095256558366e-20 1.3250378468547173e-20
1.6772192937555264e-01 5.0000000000000001e-03 0.0000000000000000e+00 9.8499999999789378e-01 2.1061481081797180e-12 1.0000000000000000e-02 1.2077184695230977e-20 1.2631100613953060e-20 1.3185016532678996e-20
1.6969432691986774e-01 5.0000000000000001e-03 0.0000000000000000e+00 9.8499999999823817e-01 1.7618189518078441e-12 1.0000000000000000e-02 1.1890193408130114e-20 1.2394244983663595e-20 1.2898296559174275e-20
1.7166140361079807e-01 5.0000000000000001e-03 0.0000000000000000e+00 9.8499999999862009e-01 1.3799699661670754e-12 1.0000000000000000e-02 1.1694808417241513e-20 1.2146757328520237e-20 1.2598706239797117e-20
1.7362582079697852e-01 5.0000000000000001e-03 0.0000000000000000e+00 9.8499999999883214e-01 1.1678286656419645e-12 1.0000000000000000e-02 1.1672212737441661e-20 1.2118136134189612e-20 1.2564059530933983e-20
1.7558699256656563e-01 5.0000000000000001e-03 0.0000000000000000e+00 9.8499999999919796e-01 8.0195697583326453e-13 1.0000000000000000e-02 1.1454556830587254e-20 1.1842438652023102e-20 1.2230320473564469e-20
1.7754167064089144e-01 5.0000000000000001e-03 0.0000000000000000e+00 9.8499999999943921e-01 5.6076852747065490e-13 1.0000000000000000e-02 1.1311065973187106e-20 1.1660683565868369e-20 1.2010301158692196e-20
1.7948517884738013e-01 5.0000000000000001e-03 0.0000000000000000e+00 9.8499999999932852e-01 6.7149793122399282e-13 1.0000000000000000e-02 1.1537197932889268e-20 1.1947117381596050e-20 1.2357036830403906e-20
1.8141352345308048e-01 5.0000000000000001e-03 0.0000000000000000e+00 9.8499999999919619e-01 8.0370187436619302e-13 1.0000000000000000e-02 1.1774878454099176e-20 1.2248179375164333e-20 1.2721480296290824e-20
1.8332603471256670e-01 5.0000000000000001e-03 0.0000000000000000e+00 9.8499999999930088e-01 6.9900286993440085e-13 1.0000000000000000e-02 1.1680474759648992e-20 1.2128601362210851e-20 1.2576727964794085e-20
1.8522560798542709e-01 5.0000000000000001e-03 0.0000000000000000e+00 9.8499999999948606e-01 5.1394190521236525e-13 1.0000000000000000e-02 1.1458800447293810e-20 1.1847813899923982e-20 1.2236827352555687e-20
1.8711046248923302e-01 5.0000000000000001e-03 0.0000000000000000e+00 9.8499999999957444e-01 4.2554930772856640e-13 1.0000000000000000e-02 1.1362005336212867e-20 1.1725206759150881e-20 1.2088408182107456e-20
1.8897378971412970e-01 5.0000000000000001e-03 0.0000000000000000e+00 9.8499999999961940e-01 3.8060685729153084e-13 1.0000000000000000e-02 1.1287910564921287e-20 1.1631353382174558e-20 1.1974796199431775e-20
1.9081106709167461e-01 5.0000000000000001e-03 0.0000000000000000e+00 9.8499999999957055e-01 4.2949046152474076e-13 1.0000000000000000e-02 1.1388544249928545e-20 1.1758822716644283e-20 1.2129101183309622e-20
1.9262371595806327e-01 5.0000000000000001e-03 0.0000000000000000e+00 9.8499999999950327e-01 4.9669856455402545e-13 1.0000000000000000e-02 1.1514154469113056e-20 1.1917928994274151e-20 1.2321703519421791e-20
1.9441814091727738e-01 5.0000000000000001e-03 0.0000000000000000e+00 9.8499999999962706e-01 3.7294163064647789e-13 1.0000000000000000e-02 1.1254179881603339e-20 1.1588627850063332e-20 1.1923075818564270e-20
1.9620102111336835e-01 5.0000000000000001e-03 0.0000000000000000e+00 9.8499999999968890e-01 3.1100774208740924e-13 1.0000000000000000e-02 1.1131180981600976e-20 1.1432829243399663e-20 1.1734477505232530e-20
1.9797708002938585e-01 5.0000000000000001e-03 0.0000000000000000e+00 9.8499999999966625e-01 3.3375544199067163e-13 1.0000000000000000e-02 1.1192878651587298e-20 1.1510979625376931e-20 1.1829080599168251e-20
1.9974724115408338e-01 5.0000000000000001e-03 0.0000000000000000e+00 9.8499999999970445e-01 2.9561559564445104e-13 1.0000000000000000e-02 1.1103741601305393e-20 1.1398072695006471e-20 1.1692403788715468e-20
2.0151057240484949e-01 5.0000000000000001e-03 0.0000000000000000e+00 9.8499999999977406e-01 2.2599966693396420e-13 1.0000000000000000e-02 1.0912046959539442e-20 1.1155259482180742e-20 1.1398472004832545e-20
2.0326339484298062e-01 5.0000000000000001e-03 0.0000000000000000e+00 9.8499999999978227e-01 2.1777064971551779e-13 1.0000000000000000e-02 1.0900255835103476e-20 1.1140324057664137e-20 1.1380392280243599e-20
2.0500480826059730e-01 5.0000000000000001e-03 0.0000000000000000e+00 9.8499999999978061e-01 2.1929539667658798e-13 1.0000000000000000e-02 1.0915946855679893e-20 1.1160199350417902e-20 1.1404451845163483e-20
2.0674145303556157e-01 5.0000000000000001e-03 0.0000000000000000e+00 9.8499999999980858e-01 1.9148086231253906e-13 1.0000000000000000e-02 1.0831861494444179e-20 1.1053691226236941e-20 1.1275520958054455e-20
2.0848699377782787e-01 5.0000000000000001e-03 0.0000000000000000e+00 9.8499999999986110e-01 1.3887394621001027e-13 1.0000000000000000e-02 1.0660195446684074e-20 1.0836247565745572e-20 1.1012299684862001e-20
2.1024904193981975e-01 5.0000000000000001e-03 0.0000000000000000e+00 9.8499999999988286e-01 1.1715989326819909e-13 1.0000000000000000e-02 1.0573476325589873e-20 1.0726403345706236e-20 1.0879330365887254e-20
2.1201777567332869e-01 5.0000000000000001e-03 0.0000000000000000e+00 9.8499999999989141e-01 1.0859772273953170e-13 1.0000000000000000e-02 1.0534187435548373e-20 1.0676637418277046e-20 1.0819087401064238e-20
2.1377328308864718e-01 5.0000000000000001e-03 0.0000000000000000e+00 9.8499999999989607e-01 1.0396462122589023e-13 1.0000000000000000e-02 1.0517560607050061e-20 1.0655576768754258e-20 1.0793592930528376e-20
2.1550193221761016e-01 5.0000000000000001e-03 0.0000000000000000e+00 9.8499999999989785e-01 1.0214516404376042e-13 1.0000000000000000e-02 1.0512648477035631e-20 1.0649354737367753e-20 1.0786060997781052e-20
2.1719877219702410e-01 5.0000000000000001e-03 0.0000000000000000e+00 9.8499999999989729e-01 1.0260414405265375e-13 1.0000000000000000e-02 1.0514875630908969e-20 1.0652175799098177e-20 1.0789475967364856e-20
2.1886438914931239e-01 5.0000000000000001e-03 0.0000000000000000e+00 9.8499999999989307e-01 1.0691945440470128e-13 1.0000000000000000e-02 1.0531977261353846e-20 1.0673837864408931e-20 1.0815698467536064e-20
2.2050853995913033e-01 5.0000000000000001e-03 0.0000000000000000e+00 9.8499999999988863e-01 1.1145025408712372e-13 1.0000000000000000e-02 1.0561449109252732e-20 1.0711168871430880e-20 1.0860888633916259e-20
2.2215305533974516e-01 5.0000000000000001e-03 0.0000000000000000e+00 9.8499999999988608e-01 1.1393391282261913e-13 1.0000000000000000e-02 1.0596830604083407e-20 1.0755985430808400e-20 1.0915140258404751e-20
2.2381867466829386e-01 5.0000000000000001e-03 0.0000000000000000e+00 9.8499999999988930e-01 1.1073737049203135e-13 1.0000000000000000e-02 1.0622555835691670e-20 1.0788570723202910e-20 1.0954585612347692e-20
2.2550574104992338e-01 5.0000000000000001e-03 0.0000000000000000e+00 9.8499999999989230e-01 1.0770872054924873e-13 1.0000000000000000e-02 1.0639300171978822e-20 1.0809780215159987e-20 1.0980260260484134e-20
2.2719589857447930e-01 5.0000000000000001e-03 0.0000000000000000e+00 9.8499999999989396e-01 1.0593103656970757e-13 1.0000000000000000e-02 1.0645720870803284e-20 1.0817913099927149e-20 1.0990105331478877e-20
2.2886723950022503e-01 5.0000000000000001e-03 0.0000000000000000e+00 9.8499999999989363e-01 1.0632806226486851e-13 1.0000000000000000e-02 1.0647457804316372e-20 1.0820113215511981e-20 1.0992768629326537e-20
2.3050981704539131e-01 5.0000000000000001e-03 0.0000000000000000e+00 9.8499999999989074e-01 1.0916054850516580e-13 1.0000000000000000e-02 1.0654074557779074e-20 1.0828494435833224e-20 1.1002914317432652e-20
2.3212342569550004e-01 5.0000000000000001e-03 0.0000000000000000e+00 9.8499999999988208e-01 1.1779902584623271e-13 1.0000000000000000e-02 1.0690415458570652e-20 1.0874526238941884e-20 1.1058637026366808e-20
2.3371663310766777e-01 5.0000000000000001e-03 0.0000000000000000e+00 9.8499999999986299e-01 1.3695560969014069e-13 1.0000000000000000e-02 1.0789895396717501e-20 1.1000534151756115e-20 1.1211172920626998e-20
2.3530377110892153e-01 5.0000000000000001e-03 0.0000000000000000e+00 9.8499999999983867e-01 1.6127018122261212e-13 1.0000000000000000e-02 1.0942566736019388e-20 1.1193917834148964e-20 1.1445268957139153e-20
2.3689262676708622e-01 5.0000000000000001e-03 0.0000000000000000e+00 9.8499999999982124e-01 1.7864901986351063e-13 1.0000000000000000e-02 1.1065463604144562e-20 1.1349587125232627e-20 1.1633710730557598e-20
2.3847733528544968e-01 5.0000000000000001e-03 0.0000000000000000e+00 9.8499999999981525e-01 1.8475498838932071e-13 1.0000000000000000e-02 1.1115517638422877e-20 1.1412988720355921e-20 1.1710460029938062e-20
2.4004415007120017e-01 5.0000000000000001e-03 0.0000000000000000e+00 9.8499999999981391e-01 1.8599084051081947e-13 1.0000000000000000e-02 1.1123846682818962e-20 1.1423538664205750e-20 1.1723231014591693e-20
2.4158269264236121e-01 5.0000000000000001e-03 0.0000000000000000e+00 9.8499999999981358e-01 1.8632681565110913e-13 1.0000000000000000e-02 1.1124996241366123e-20 1.1424994701794080e-20 1.1724993586382096e-20
2.4309001894546978e-01 5.0000000000000001e-03 0.0000000000000000e+00 9.8499999999981325e-01 1.8681620350107048e-13 1.0000000000000000e-02 1.1125598833598739e-20 1.1425757857856845e-20 1.1725917406875838e-20
2.4456522377665291e-01 5.0000000000000001e-03 0.0000000000000000e+00 9.8499999999981169e-01 1.8824138495324696e-13 1.0000000000000000e-02 1.1125668684430543e-20 1.1425845742736680e-20 1.1726023793840204e-20
2.4600900438922979e-01 5.0000000000000001e-03 0.0000000000000000e+00 9.8499999999980847e-01 1.9151751119346161e-13 1.0000000000000000e-02 1.1124324004386126e-20 1.1424140516773190e-20 1.1723959572955871e-20
2.4742785551839219e-01 5.0000000000000001e-03 0.0000000000000000e+00 9.8499999999980303e-01 1.9694403398498941e-13 1.0000000000000000e-02 1.1119339356911943e-20 1.1417822875208730e-20 1.1716311901604201e-20
2.4883739455685860e-01 5.0000000000000001e-03 0.0000000000000000e+00 9.8499999999980270e-01 1.9727776099343305e-13 1.0000000000000000e-02 1.1102858246002535e-20 1.1396942602441154e-20 1.1691035781939847e-20
2.5025897136604303e-01 0.0000000000000000e+00 0.0000000000000000e+00 9.8999999999981014e-01 1.8988488963965125e-13 1.0000000000000000e-02 1.1102118641184086e-20 1.1396004085020258e-20 1.1689899681900103e-20
2.5172315071227958e-01 0.0000000000000000e+00 0.0000000000000000e+00 9.8999999999982535e-01 1.7468975422536660e-13 1.0000000000000000e-02 1.1127220942732738e-20 1.1427803031185161e-20 1.1728393143062499e-20
2.5327588413190183e-01 0.0000000000000000e+00 0.0000000000000000e+00 9.8999999999983479e-01 1.6520239323352230e-13 1.0000000000000000e-02 1.1183082108580234e-20 1.1498564488852438e-20 1.1814051749633947e-20
2.5496004695230556e-01 0.0000000000000000e+00 0.0000000000000000e+00 9.8999999999982236e-01 1.7772087723567391e-13 1.0000000000000000e-02 1.1314476229064088e-20 1.1664999170391699e-20 1.2015525311492839e-20
2.5679672898781047e-01 0.0000000000000000e+00 0.0000000000000000e+00 9.8999999999979515e-01 2.0475878326870718e-13 1.0000000000000000e-02 1.1439946615689833e-20 1.1823928891262442e-20 1.2207913920993070e-20
2.5879430327707698e-01 0.0000000000000000e+00 0.0000000000000000e+00 9.8999999999974786e-01 2.5205293152075599e-13 1.0000000000000000e-02 1.1596591240381641e-20 1.2022345147471128e-20 1.2448102020611478e-20
2.6096722293751151e-01 0.0000000000000000e+00 0.0000000000000000e+00 9.8999999999969446e-01 3.0564371551622729e-13 1.0000000000000000e-02 1.1697534237807754e-20 1.2150205959740076e-20 1.2602880898558934e-20
2.6334361866281419e-01 0.0000000000000000e+00 0.0000000000000000e+00 9.8999999999963695e-01 3.6307689385823664e-13 1.0000000000000000e-02 1.1827418192591253e-20 1.2314725517967186e-20 1.2802036153251624e-20
2.6596325828064138e-01 0.0000000000000000e+00 0.0000000000000000e+00 9.8999999999961830e-01 3.8176479683698208e-13 1.0000000000000000e-02 1.1841840558357752e-20 1.2332994302413129e-20 1.2824150997675453e-20
2.6887399973908899e-01 0.0000000000000000e+00 0.0000000000000000e+00 9.8999999999963184e-01 3.6819581511972694e-13 1.0000000000000000e-02 1.1827136966394063e-20 1.2314370368226531e-20 1.2801606235211026e-20
2.7213028211772183e-01 0.0000000000000000e+00 0.0000000000000000e+00 9.8999999999969179e-01 3.0827698594583482e-13 1.0000000000000000e-02 1.1685561674797032e-20 1.2135042493933907e-20 1.2584525124284964e-20
